# Time t, Angular Momentum
0.000000e+00,9.770887e-02,9.770887e-02,0.000000e+00
4.040404e-03,9.770910e-02,9.770907e-02,3.226670e-08
8.080808e-03,9.770931e-02,9.770925e-02,6.059654e-08
1.212121e-02,9.770918e-02,9.770945e-02,-2.740547e-07
1.616162e-02,9.770980e-02,9.770966e-02,1.379051e-07
2.020202e-02,9.771000e-02,9.770983e-02,1.676125e-07
2.424242e-02,9.771022e-02,9.771001e-02,2.098132e-07
2.828283e-02,9.771043e-02,9.771018e-02,2.436447e-07
3.232323e-02,9.771043e-02,9.771035e-02,8.204515e-08
3.636364e-02,9.771081e-02,9.771051e-02,2.958721e-07
4.040404e-02,9.771101e-02,9.771068e-02,3.355627e-07
4.444444e-02,9.771117e-02,9.771082e-02,3.532424e-07
4.848485e-02,9.771117e-02,9.771098e-02,1.890526e-07
5.252525e-02,9.771135e-02,9.771113e-02,2.214544e-07
5.656566e-02,9.771171e-02,9.771129e-02,4.247692e-07
6.060606e-02,9.771187e-02,9.771141e-02,4.554975e-07
6.464646e-02,9.771203e-02,9.771156e-02,4.713528e-07
6.868687e-02,9.771217e-02,9.771168e-02,4.847601e-07
7.272727e-02,9.771211e-02,9.771180e-02,3.154093e-07
7.676768e-02,9.771245e-02,9.771193e-02,5.184960e-07
8.080808e-02,9.771258e-02,9.771205e-02,5.269105e-07
8.484848e-02,9.771309e-02,9.771218e-02,9.090786e-07
8.888889e-02,9.771322e-02,9.771230e-02,9.182877e-07
9.292929e-02,9.771316e-02,9.771241e-02,7.516725e-07
9.696970e-02,9.771346e-02,9.771252e-02,9.346515e-07
1.010101e-01,9.771356e-02,9.771263e-02,9.325761e-07
1.050505e-01,9.771367e-02,9.771273e-02,9.350904e-07
1.090909e-01,9.771397e-02,9.771283e-02,1.138967e-06
1.131313e-01,9.771407e-02,9.771293e-02,1.140736e-06
1.171717e-01,9.771457e-02,9.771305e-02,1.519184e-06
1.212121e-01,9.771449e-02,9.771316e-02,1.331620e-06
1.252525e-01,9.771497e-02,9.771327e-02,1.700454e-06
1.292929e-01,9.771507e-02,9.771337e-02,1.704467e-06
1.333333e-01,9.771536e-02,9.771347e-02,1.885181e-06
1.373737e-01,9.771565e-02,9.771357e-02,2.072905e-06
1.414141e-01,9.771575e-02,9.771368e-02,2.074549e-06
1.454545e-01,9.771583e-02,9.771378e-02,2.058032e-06
1.494949e-01,9.771594e-02,9.771389e-02,2.047339e-06
1.535354e-01,9.771606e-02,9.771401e-02,2.046983e-06
1.575758e-01,9.771634e-02,9.771411e-02,2.228045e-06
1.616162e-01,9.771665e-02,9.771425e-02,2.406415e-06
1.656566e-01,9.771677e-02,9.771437e-02,2.398818e-06
1.696970e-01,9.771708e-02,9.771451e-02,2.569881e-06
1.737374e-01,9.771757e-02,9.771464e-02,2.931240e-06
1.777778e-01,9.771787e-02,9.771477e-02,3.097099e-06
1.818182e-01,9.771818e-02,9.771492e-02,3.265508e-06
1.858586e-01,9.771847e-02,9.771504e-02,3.424213e-06
1.898990e-01,9.771859e-02,9.771521e-02,3.383671e-06
1.939394e-01,9.771891e-02,9.771536e-02,3.545496e-06
1.979798e-01,9.771905e-02,9.771553e-02,3.517597e-06
2.020202e-01,9.771956e-02,9.771571e-02,3.853324e-06
2.060606e-01,9.771987e-02,9.771587e-02,4.001665e-06
2.101010e-01,9.772020e-02,9.771606e-02,4.144609e-06
2.141414e-01,9.772055e-02,9.771625e-02,4.300664e-06
2.181818e-01,9.772073e-02,9.771647e-02,4.265734e-06
2.222222e-01,9.772126e-02,9.771668e-02,4.584457e-06
2.262626e-01,9.772145e-02,9.771691e-02,4.542559e-06
2.303030e-01,9.772201e-02,9.771714e-02,4.871720e-06
2.343434e-01,9.772260e-02,9.771739e-02,5.204914e-06
2.383838e-01,9.772296e-02,9.771763e-02,5.330554e-06
2.424242e-01,9.772336e-02,9.771790e-02,5.459910e-06
2.464646e-01,9.772394e-02,9.771816e-02,5.775230e-06
2.505051e-01,9.772455e-02,9.771846e-02,6.087434e-06
2.545455e-01,9.772515e-02,9.771875e-02,6.397553e-06
2.585859e-01,9.772541e-02,9.771908e-02,6.327727e-06
2.626263e-01,9.772620e-02,9.771939e-02,6.813302e-06
2.666667e-01,9.772662e-02,9.771971e-02,6.909777e-06
2.707071e-01,9.772708e-02,9.772006e-02,7.010401e-06
2.747475e-01,9.772774e-02,9.772043e-02,7.306870e-06
2.787879e-01,9.772841e-02,9.772082e-02,7.591974e-06
2.828283e-01,9.772888e-02,9.772119e-02,7.690397e-06
2.868687e-01,9.772935e-02,9.772157e-02,7.779385e-06
2.909091e-01,9.772982e-02,9.772196e-02,7.861341e-06
2.949495e-01,9.773070e-02,9.772237e-02,8.326206e-06
2.989899e-01,9.773122e-02,9.772281e-02,8.404280e-06
3.030303e-01,9.773190e-02,9.772325e-02,8.655252e-06
3.070707e-01,9.773262e-02,9.772371e-02,8.910692e-06
3.111111e-01,9.773313e-02,9.772415e-02,8.970063e-06
3.151515e-01,9.773403e-02,9.772462e-02,9.405561e-06
3.191919e-01,9.773434e-02,9.772507e-02,9.271715e-06
3.232323e-01,9.773526e-02,9.772556e-02,9.700671e-06
3.272727e-01,9.773619e-02,9.772606e-02,1.013517e-05
3.313131e-01,9.773692e-02,9.772655e-02,1.036710e-05
3.353535e-01,9.773766e-02,9.772708e-02,1.059025e-05
3.393939e-01,9.773859e-02,9.772760e-02,1.100009e-05
3.434343e-01,9.773915e-02,9.772813e-02,1.101686e-05
3.474747e-01,9.773988e-02,9.772866e-02,1.121446e-05
3.515152e-01,9.774043e-02,9.772921e-02,1.122280e-05
3.555556e-01,9.774137e-02,9.772975e-02,1.161397e-05
3.595960e-01,9.774211e-02,9.773030e-02,1.180606e-05
3.636364e-01,9.774284e-02,9.773086e-02,1.197926e-05
3.676768e-01,9.774376e-02,9.773142e-02,1.233717e-05
3.717172e-01,9.774451e-02,9.773201e-02,1.249598e-05
3.757576e-01,9.774545e-02,9.773260e-02,1.284874e-05
3.797980e-01,9.774619e-02,9.773318e-02,1.300816e-05
3.838384e-01,9.774691e-02,9.773377e-02,1.314095e-05
3.878788e-01,9.774783e-02,9.773435e-02,1.347715e-05
3.919192e-01,9.774875e-02,9.773496e-02,1.379450e-05
3.959596e-01,9.774932e-02,9.773557e-02,1.374367e-05
4.000000e-01,9.775023e-02,9.773617e-02,1.406174e-05
