# Time t, Angular Momentum
0.000000e+00,2.356195e-01,0.000000e+00,2.356195e-01
4.040404e-03,2.356194e-01,2.200647e-08,2.356194e-01
8.080808e-03,2.356196e-01,4.224380e-08,2.356196e-01
1.212121e-02,2.356196e-01,6.283707e-08,2.356195e-01
1.616162e-02,2.356195e-01,8.273517e-08,2.356195e-01
2.020202e-02,2.356196e-01,1.040980e-07,2.356195e-01
2.424242e-02,2.356197e-01,1.206146e-07,2.356196e-01
2.828283e-02,2.356197e-01,1.421694e-07,2.356196e-01
3.232323e-02,2.356197e-01,1.625048e-07,2.356195e-01
3.636364e-02,2.356196e-01,1.832918e-07,2.356195e-01
4.040404e-02,2.356194e-01,2.022788e-07,2.356192e-01
4.444444e-02,2.356195e-01,2.211791e-07,2.356192e-01
4.848485e-02,2.356197e-01,2.421165e-07,2.356195e-01
5.252525e-02,2.356195e-01,2.593344e-07,2.356192e-01
5.656566e-02,2.356197e-01,2.802019e-07,2.356194e-01
6.060606e-02,2.356197e-01,2.990862e-07,2.356194e-01
6.464646e-02,2.356196e-01,3.198494e-07,2.356192e-01
6.868687e-02,2.356195e-01,3.396165e-07,2.356192e-01
7.272727e-02,2.356194e-01,3.609168e-07,2.356191e-01
7.676768e-02,2.356194e-01,3.798405e-07,2.356191e-01
8.080808e-02,2.356195e-01,3.969720e-07,2.356191e-01
8.484848e-02,2.356195e-01,4.202971e-07,2.356191e-01
8.888889e-02,2.356196e-01,4.371690e-07,2.356192e-01
9.292929e-02,2.356195e-01,4.588455e-07,2.356191e-01
9.696970e-02,2.356195e-01,4.788265e-07,2.356190e-01
1.010101e-01,2.356194e-01,4.995377e-07,2.356189e-01
1.050505e-01,2.356195e-01,5.194215e-07,2.356190e-01
1.090909e-01,2.356195e-01,5.390836e-07,2.356190e-01
1.131313e-01,2.356195e-01,5.602901e-07,2.356190e-01
1.171717e-01,2.356196e-01,5.807141e-07,2.356190e-01
1.212121e-01,2.356198e-01,5.983853e-07,2.356192e-01
1.252525e-01,2.356197e-01,6.170512e-07,2.356191e-01
1.292929e-01,2.356197e-01,6.378011e-07,2.356191e-01
1.333333e-01,2.356196e-01,6.580728e-07,2.356190e-01
1.373737e-01,2.356199e-01,6.784898e-07,2.356192e-01
1.414141e-01,2.356199e-01,6.986111e-07,2.356192e-01
1.454545e-01,2.356201e-01,7.185943e-07,2.356194e-01
1.494949e-01,2.356200e-01,7.372706e-07,2.356192e-01
1.535354e-01,2.356200e-01,7.544278e-07,2.356192e-01
1.575758e-01,2.356200e-01,7.758083e-07,2.356192e-01
1.616162e-01,2.356201e-01,7.975996e-07,2.356193e-01
1.656566e-01,2.356201e-01,8.161737e-07,2.356193e-01
1.696970e-01,2.356201e-01,8.380423e-07,2.356193e-01
1.737374e-01,2.356203e-01,8.566039e-07,2.356195e-01
1.777778e-01,2.356204e-01,8.778822e-07,2.356195e-01
1.818182e-01,2.356208e-01,8.981040e-07,2.356199e-01
1.858586e-01,2.356210e-01,9.164456e-07,2.356201e-01
1.898990e-01,2.356209e-01,9.362960e-07,2.356200e-01
1.939394e-01,2.356209e-01,9.564393e-07,2.356200e-01
1.979798e-01,2.356209e-01,9.758771e-07,2.356200e-01
2.020202e-01,2.356205e-01,9.967733e-07,2.356195e-01
2.060606e-01,2.356208e-01,1.016449e-06,2.356198e-01
2.101010e-01,2.356207e-01,1.038395e-06,2.356196e-01
2.141414e-01,2.356209e-01,1.055214e-06,2.356198e-01
2.181818e-01,2.356208e-01,1.074746e-06,2.356198e-01
2.222222e-01,2.356208e-01,1.094454e-06,2.356197e-01
2.262626e-01,2.356209e-01,1.114821e-06,2.356198e-01
2.303030e-01,2.356208e-01,1.137503e-06,2.356196e-01
2.343434e-01,2.356208e-01,1.158639e-06,2.356197e-01
2.383838e-01,2.356210e-01,1.177159e-06,2.356198e-01
2.424242e-01,2.356210e-01,1.195970e-06,2.356198e-01
2.464646e-01,2.356211e-01,1.216403e-06,2.356198e-01
2.505051e-01,2.356212e-01,1.237397e-06,2.356199e-01
2.545455e-01,2.356213e-01,1.257369e-06,2.356201e-01
2.585859e-01,2.356213e-01,1.277592e-06,2.356201e-01
2.626263e-01,2.356214e-01,1.297349e-06,2.356201e-01
2.666667e-01,2.356214e-01,1.316166e-06,2.356201e-01
2.707071e-01,2.356213e-01,1.337957e-06,2.356200e-01
2.747475e-01,2.356212e-01,1.357182e-06,2.356199e-01
2.787879e-01,2.356213e-01,1.377847e-06,2.356199e-01
2.828283e-01,2.356213e-01,1.399328e-06,2.356199e-01
2.868687e-01,2.356213e-01,1.413765e-06,2.356199e-01
2.909091e-01,2.356215e-01,1.436671e-06,2.356200e-01
2.949495e-01,2.356215e-01,1.455761e-06,2.356200e-01
2.989899e-01,2.356214e-01,1.475157e-06,2.356199e-01
3.030303e-01,2.356215e-01,1.498207e-06,2.356200e-01
3.070707e-01,2.356213e-01,1.515044e-06,2.356198e-01
3.111111e-01,2.356215e-01,1.536688e-06,2.356200e-01
3.151515e-01,2.356214e-01,1.556666e-06,2.356199e-01
3.191919e-01,2.356215e-01,1.576955e-06,2.356199e-01
3.232323e-01,2.356216e-01,1.595696e-06,2.356201e-01
3.272727e-01,2.356215e-01,1.615395e-06,2.356199e-01
3.313131e-01,2.356215e-01,1.636073e-06,2.356199e-01
3.353535e-01,2.356216e-01,1.658163e-06,2.356199e-01
3.393939e-01,2.356213e-01,1.677711e-06,2.356196e-01
3.434343e-01,2.356214e-01,1.697241e-06,2.356197e-01
3.474747e-01,2.356215e-01,1.717476e-06,2.356198e-01
3.515152e-01,2.356216e-01,1.739135e-06,2.356199e-01
3.555556e-01,2.356215e-01,1.757192e-06,2.356197e-01
3.595960e-01,2.356217e-01,1.775695e-06,2.356199e-01
3.636364e-01,2.356216e-01,1.798433e-06,2.356198e-01
3.676768e-01,2.356216e-01,1.816803e-06,2.356198e-01
3.717172e-01,2.356218e-01,1.838945e-06,2.356200e-01
3.757576e-01,2.356215e-01,1.857903e-06,2.356196e-01
3.797980e-01,2.356216e-01,1.877086e-06,2.356197e-01
3.838384e-01,2.356218e-01,1.898300e-06,2.356199e-01
3.878788e-01,2.356216e-01,1.920336e-06,2.356197e-01
3.919192e-01,2.356216e-01,1.936973e-06,2.356197e-01
3.959596e-01,2.356217e-01,1.958560e-06,2.356198e-01
4.000000e-01,2.356219e-01,1.979264e-06,2.356199e-01
