# Time t, Angular Momentum
0.000000e+00,2.356195e-01,0.000000e+00,2.356195e-01
4.040404e-03,2.357317e-01,1.419117e-04,2.355898e-01
8.080808e-03,2.358403e-01,3.235290e-04,2.355167e-01
1.212121e-02,2.359466e-01,5.431476e-04,2.354034e-01
1.616162e-02,2.360465e-01,7.990559e-04,2.352474e-01
2.020202e-02,2.361377e-01,1.089888e-03,2.350478e-01
2.424242e-02,2.362216e-01,1.414632e-03,2.348070e-01
2.828283e-02,2.362974e-01,1.772793e-03,2.345246e-01
3.232323e-02,2.363625e-01,2.163951e-03,2.341985e-01
3.636364e-02,2.364197e-01,2.588106e-03,2.338316e-01
4.040404e-02,2.364701e-01,3.045279e-03,2.334249e-01
4.444444e-02,2.365108e-01,3.535818e-03,2.329749e-01
4.848485e-02,2.365453e-01,4.060000e-03,2.324853e-01
5.252525e-02,2.365747e-01,4.618328e-03,2.319563e-01
5.656566e-02,2.365995e-01,5.211279e-03,2.313882e-01
6.060606e-02,2.366172e-01,5.839015e-03,2.307782e-01
6.464646e-02,2.366318e-01,6.502362e-03,2.301295e-01
6.868687e-02,2.366436e-01,7.201173e-03,2.294424e-01
7.272727e-02,2.366513e-01,7.935919e-03,2.287154e-01
7.676768e-02,2.366574e-01,8.707169e-03,2.279502e-01
8.080808e-02,2.366601e-01,9.514767e-03,2.271453e-01
8.484848e-02,2.366606e-01,1.035891e-02,2.263017e-01
8.888889e-02,2.366600e-01,1.123995e-02,2.254201e-01
9.292929e-02,2.366568e-01,1.215761e-02,2.244991e-01
9.696970e-02,2.366526e-01,1.311228e-02,2.235404e-01
1.010101e-01,2.366453e-01,1.410357e-02,2.225417e-01
1.050505e-01,2.366385e-01,1.513155e-02,2.215069e-01
1.090909e-01,2.366301e-01,1.619603e-02,2.204340e-01
1.131313e-01,2.366204e-01,1.729716e-02,2.193232e-01
1.171717e-01,2.366106e-01,1.843452e-02,2.181761e-01
1.212121e-01,2.365992e-01,1.960768e-02,2.169915e-01
1.252525e-01,2.365853e-01,2.081645e-02,2.157689e-01
1.292929e-01,2.365722e-01,2.206056e-02,2.145116e-01
1.333333e-01,2.365582e-01,2.333975e-02,2.132185e-01
1.373737e-01,2.365418e-01,2.465343e-02,2.118884e-01
1.414141e-01,2.365259e-01,2.600119e-02,2.105247e-01
1.454545e-01,2.365073e-01,2.738255e-02,2.091247e-01
1.494949e-01,2.364883e-01,2.879701e-02,2.076913e-01
1.535354e-01,2.364694e-01,3.024387e-02,2.062256e-01
1.575758e-01,2.364485e-01,3.172272e-02,2.047258e-01
1.616162e-01,2.364254e-01,3.323309e-02,2.031923e-01
1.656566e-01,2.364012e-01,3.477393e-02,2.016273e-01
1.696970e-01,2.363746e-01,3.634501e-02,2.000296e-01
1.737374e-01,2.363485e-01,3.794566e-02,1.984028e-01
1.777778e-01,2.363189e-01,3.957526e-02,1.967437e-01
1.818182e-01,2.362877e-01,4.123356e-02,1.950542e-01
1.858586e-01,2.362544e-01,4.291953e-02,1.933349e-01
1.898990e-01,2.362192e-01,4.463287e-02,1.915863e-01
1.939394e-01,2.361822e-01,4.637333e-02,1.898089e-01
1.979798e-01,2.361421e-01,4.814035e-02,1.880017e-01
2.020202e-01,2.361004e-01,4.993353e-02,1.861669e-01
2.060606e-01,2.360568e-01,5.175271e-02,1.843041e-01
2.101010e-01,2.360106e-01,5.359741e-02,1.824131e-01
2.141414e-01,2.359628e-01,5.546752e-02,1.804953e-01
2.181818e-01,2.359134e-01,5.736303e-02,1.785504e-01
2.222222e-01,2.358624e-01,5.928355e-02,1.765789e-01
2.262626e-01,2.358105e-01,6.122902e-02,1.745815e-01
2.303030e-01,2.357580e-01,6.319939e-02,1.725586e-01
2.343434e-01,2.357040e-01,6.519461e-02,1.705094e-01
2.383838e-01,2.356504e-01,6.721463e-02,1.684358e-01
2.424242e-01,2.355963e-01,6.925916e-02,1.663372e-01
2.464646e-01,2.355436e-01,7.132812e-02,1.642155e-01
2.505051e-01,2.354915e-01,7.342162e-02,1.620698e-01
2.545455e-01,2.354402e-01,7.553922e-02,1.599010e-01
2.585859e-01,2.353911e-01,7.768094e-02,1.577101e-01
2.626263e-01,2.353415e-01,7.984629e-02,1.554952e-01
2.666667e-01,2.352960e-01,8.203479e-02,1.532613e-01
2.707071e-01,2.352523e-01,8.424627e-02,1.510061e-01
2.747475e-01,2.352112e-01,8.648007e-02,1.487311e-01
2.787879e-01,2.351713e-01,8.873583e-02,1.464355e-01
2.828283e-01,2.351342e-01,9.101261e-02,1.441216e-01
2.868687e-01,2.350999e-01,9.330979e-02,1.417901e-01
2.909091e-01,2.350671e-01,9.562677e-02,1.394403e-01
2.949495e-01,2.350368e-01,9.796247e-02,1.370744e-01
2.989899e-01,2.350096e-01,1.003165e-01,1.346930e-01
3.030303e-01,2.349839e-01,1.026877e-01,1.322962e-01
3.070707e-01,2.349610e-01,1.050755e-01,1.298855e-01
3.111111e-01,2.349380e-01,1.074789e-01,1.274591e-01
3.151515e-01,2.349171e-01,1.098970e-01,1.250200e-01
3.191919e-01,2.348975e-01,1.123295e-01,1.225679e-01
3.232323e-01,2.348797e-01,1.147754e-01,1.201043e-01
3.272727e-01,2.348610e-01,1.172338e-01,1.176272e-01
3.313131e-01,2.348423e-01,1.197044e-01,1.151379e-01
3.353535e-01,2.348257e-01,1.221860e-01,1.126398e-01
3.393939e-01,2.348079e-01,1.246785e-01,1.101294e-01
3.434343e-01,2.347902e-01,1.271807e-01,1.076095e-01
3.474747e-01,2.347713e-01,1.296919e-01,1.050794e-01
3.515152e-01,2.347498e-01,1.322112e-01,1.025386e-01
3.555556e-01,2.347283e-01,1.347380e-01,9.999029e-02
3.595960e-01,2.347027e-01,1.372711e-01,9.743166e-02
3.636364e-01,2.346736e-01,1.398093e-01,9.486433e-02
3.676768e-01,2.346417e-01,1.423518e-01,9.228987e-02
3.717172e-01,2.346049e-01,1.448979e-01,8.970694e-02
3.757576e-01,2.345642e-01,1.474462e-01,8.711800e-02
3.797980e-01,2.345210e-01,1.499963e-01,8.452473e-02
3.838384e-01,2.344750e-01,1.525477e-01,8.192731e-02
3.878788e-01,2.344271e-01,1.551001e-01,7.932695e-02
3.919192e-01,2.343789e-01,1.576543e-01,7.672459e-02
3.959596e-01,2.343347e-01,1.602124e-01,7.412224e-02
4.000000e-01,2.342960e-01,1.627802e-01,7.151584e-02
